0 0.2913204908958509 0.16548629310334875 0.0369416417821212 0.035565148376173535
0 0.20220688133371495 0.14669715811216233 0.03888593871802214 0.07180133728774585
0 0.09624269832710533 0.34834483899971275 0.03953403769665608 0.03757826998237206
0 0.09786294577368959 0.39867287915467536 0.040182136675289755 0.04294659426556805
0 0.3671480713959944 0.29499711643545246 0.09786294577368956 0.043617634800967586
0 0.08716931262623345 0.25876092752387936 0.02527586016671453 0.026170580880580517
0 0.14971086406438605 0.2852670286721597 0.015554375487208958 0.016104972849588003
1 0.45626168095812913 0.15877588774935375 0.007777187743604444 0.034223067305374534
1 0.4562616809581291 0.19065031318083003 0.007777187743604514 0.029525783557578008
1 0.4569097799367628 0.22319577914770586 0.006480989786337119 0.030196824092977578
1 0.29682933221423735 0.47315837858401993 0.02981255301715045 0.01073664856639205
1 0.32761403369933845 0.4724873380486204 0.02657205812398196 0.006710405353994986
1 0.357102537227172 0.47315837858401993 0.02592395914534819 0.008052486424793982
1 0.3856188922870551 0.47349389885171966 0.027220157102615657 0.01006560803099248
1 0.13836913193829622 0.10609920572049296 0.026572058123981942 0.008052486424794019
1 0.16591333853022874 0.10677024625589243 0.027220157102615657 0.009394567495592998
0 0.2025309308230331 0.34633171739351426 0.038237839739388664 0.034894107840774
0 0.21322456397048928 0.3322398661501248 0.04147833463255715 0.04160451319476906
0 0.5673939317620011 0.41343577093346423 0.030460651995784148 0.05368324283195993
0 0.5994748312043696 0.35371316328290875 0.025923959145348334 0.029525783557578008
0 0.744000903439686 0.35035796060591123 0.028516355059883126 0.033552026769975
1 0.5550800511679607 0.27553694090886693 0.007129088764970746 0.028854743022178546
1 0.5557281501465944 0.3064048055372439 0.005832890807703351 0.02885474302217858
1 0.9384305970297979 0.2590964477915792 0.007777187743604372 0.029525783557578008
1 0.9368103495832135 0.29063535295535575 0.00842528672223807 0.024157459274382054
1 0.9381065475404811 0.32016113651293376 0.00842528672223807 0.029525783557578046
1 0.6694695208968098 0.47584254072561794 0.02462776118808108 0.008052486424793913
1 0.6960415790207918 0.47550702045791815 0.025923959145348334 0.008723526960193483
1 0.5716065751231202 0.47416493938711923 0.02592395914534819 0.010065608030992408
1 0.5994748312043696 0.47349389885171966 0.025923959145348334 0.007381445889394485
0 0.7125681029759512 0.33593058909482204 0.023979662209447097 0.035565148376173604
0 0.7443249529290028 0.3262005013315292 0.013610078551307794 0.018789134991186066
0 0.7828868421577084 0.34364755525191626 0.03888593871802229 0.04160451319476906
0 0.6500265515377985 0.34331203498421653 0.03758974076075496 0.03959139158857056
0 0.45462470947973627 0.8070010449452717 0.027868256081249286 0.031538905163776575
