0 0.18479449784099156 0.22850083294442547 0.02029897619583494 0.0545193198308829
1 0.13773778029610156 0.24749998985518765 0.009595879656212869 0.013216804807486788
1 0.14844087683572357 0.24832604015565563 0.008857735067273413 0.013216804807486824
1 0.15859036493364104 0.24832604015565563 0.00922680736174316 0.013216804807486824
0 0.15047077445530707 0.415188200850176 0.017346397840077098 0.0462588168262036
1 0.2298213177662981 0.2033062987801538 0.011441241128561472 0.009086553305147156
1 0.2427388480727385 0.20289327362991982 0.011441241128561472 0.00826050300467923
1 0.2573172037042927 0.2033062987801538 0.011810313423031217 0.010738653906083008
1 0.27041927015796785 0.20413234908062172 0.010703096539622087 0.009086553305147156
1 0.3377749638986928 0.24956511560635747 0.009595879656212815 0.012390754507018861
1 0.34884713273278467 0.25080419105705937 0.009595879656212886 0.011564704206550864
1 0.35955022927240665 0.25080419105705937 0.008857735067273395 0.011564704206550864
1 0.4348409773442306 0.20413234908062172 0.008857735067273395 0.010738653906083008
1 0.44572861003108755 0.20619747483179154 0.011441241128561543 0.00826050300467923
1 0.45661624271794443 0.20413234908062172 0.008119590478333976 0.009086553305147156
0 0.3802182777627112 0.41725332660134584 0.019929903901365193 0.05038906832854316
0 0.403469832314304 0.4160142511506439 0.019929903901365124 0.047910917427139384
0 0.4990595565819629 0.47672894823503625 0.026573205201820188 0.05038906832854323
0 0.4084523082896453 0.5044016333007115 0.02177526537371385 0.04130251502339611
0 0.3879687959465755 0.565116330385104 0.01476289177878904 0.040476464722928325
0 0.47248635138014267 0.5481822992255115 0.01476289177878897 0.03965041442246033
1 0.10850725457409932 0.47342474703316456 0.005905156711515627 0.02065125751169802
1 0.10850725457409932 0.4949020548453305 0.005905156711515627 0.017347056309826456
1 0.10942993531027362 0.5370306201691946 0.004797939828106426 0.01899915691076224
1 0.10979900760474337 0.5589209531315945 0.0055360844170458815 0.016521006009358387
1 0.0808268324888699 0.5820503615446964 0.00959587965621286 0.011564704206550829
1 0.0931907543536057 0.5832894369953983 0.010703096539622035 0.009086553305147049
0 0.1518732491742921 0.4630991182773154 0.022513409962653254 0.04295461562433196
1 0.06569486841561116 0.6159184238638812 0.0051670121225761536 0.02643360961497365
1 0.06624847685731573 0.6456562346807264 0.0055360844170458815 0.028085710215909287
0 0.09872683877065158 0.6415259831783868 0.026204132907350512 0.0462588168262036
0 0.18582790026550683 0.6365696813755792 0.022513409962653233 0.04130251502339611
1 0.08636291690591578 0.705131856314417 0.02288248225712299 0.009912603605614976
1 0.1443072671376627 0.704305806013949 0.011810313423031236 0.009912603605615118
1 0.1550103636772847 0.704305806013949 0.008857735067273432 0.009912603605615118
1 0.16534438792243705 0.704305806013949 0.010334024245152342 0.009912603605615118
1 0.24174235287767026 0.704305806013949 0.010334024245152307 0.009912603605615118
1 0.25336813015346665 0.7038927808637151 0.011441241128561543 0.010738653906082902
1 0.26407122669308863 0.705131856314417 0.009226807361743177 0.009912603605614976
1 0.32755166134188146 0.7472604216382809 0.005536084417045828 0.024781509014037653
1 0.32847434207805576 0.7774112576053601 0.0036907229446972423 0.023955458713569727
1 0.34582073991813284 0.8174746971780544 0.010334024245152307 0.011564704206550829
1 0.36611971611396776 0.8195398229292242 0.022144337668183595 0.010738653906083187
1 0.38604962001533294 0.8166486468775864 0.011810313423031288 0.013216804807486682
0 0.37017951135313476 0.7840196600091036 0.019929903901365124 0.04047646472292812
0 0.3692568306169604 0.7278482395772846 0.02177526537371378 0.043780665924799816
0 0.365750643819498 0.6753940454975716 0.021406193079244174 0.05782352103275457
1 0.4037650901498797 0.7332175665303263 0.004428867533636733 0.024781509014037795
1 0.435689843621511 0.7067839569153527 0.010703096539622052 0.011564704206550971
1 0.44657747630836797 0.7071969820655866 0.010334024245152236 0.010738653906083044
1 0.4574651089952249 0.7067839569153527 0.00922680736174314 0.011564704206550971
1 0.2116682899838116 0.22601326122803445 0.005522978017210345 0.01652100600935844
1 0.21766176018602562 0.21356492468205002 0.004365362987043148 0.01899915691076217
1 0.288687593732053 0.21146948569156848 0.007526104525607518 0.01156470420655084
1 0.2964003028444458 0.2265761595821388 0.007079300427520109 0.01239075450701883
0 0.8432919037681547 0.4872118569680943 0.021110935243668222 0.04634142185625052
0 0.9360582249831202 0.42133434550577753 0.025576710006751994 0.04906738784779464
1 0.9255027573612858 0.48812051229860914 0.0044657747630834875 0.05724528582242705
0 0.797619207327526 0.4467766947601895 0.014209283337084457 0.03634621322058855
