0 0.3196453686960017 0.36787974683544306 0.05387281494876433 0.10917721518987342
0 0.24916176913803498 0.4841772151898735 0.058362216194494713 0.10443037974683549
0 0.4475933041993169 0.4651898734177216 0.05117917420132614 0.08860759493670883
0 0.5378302692384972 0.4952531645569621 0.07003465943339364 0.09493670886075954
0 0.8942887281494878 0.42721518987341783 0.06464737793851726 0.09177215189873415
0 0.4341251004621259 0.8829113924050634 0.06195373719107899 0.1265822784810126
0 0.4188611362266426 0.7911392405063293 0.05117917420132614 0.09493670886075947
1 0.8695970212979708 0.2349683544303798 0.011672443238899035 0.25791139240506333
1 0.8695970212979708 0.7080696202531647 0.009876682740606667 0.03322784810126578
1 0.8686991410488247 0.7792721518987343 0.008080922242314586 0.10284810126582286
1 0.870494901547117 0.9121835443037978 0.01346820373719126 0.1281645569620254
1 0.06464737793851719 0.15585443037974683 0.012570323488045005 0.03322784810126583
1 0.06419843781394415 0.25 0.013468203737191082 0.14240506329113922
1 0.06419843781394415 0.5743670886075951 0.015263964235483218 0.1424050632911392
1 0.06419843781394416 0.7104430379746836 0.011672443238898938 0.10443037974683549
1 0.06240267731565201 0.7863924050632913 0.015263964235483228 0.025316455696202524
