0 0.08841852340754994 0.25974131774609804 0.02674121195740536 0.026794648578502063
0 0.09661341094288384 0.3490568130077716 0.03623002910358143 0.03751250800990292
0 0.09747603068344529 0.3963940254964586 0.037955268584704376 0.04287143772560327
0 0.20400956864278597 0.34771708057884654 0.03191693040077414 0.03483304315205267
0 0.21349838578896205 0.33253344638436205 0.04226836728751167 0.04019197286775313
0 0.20487218838334742 0.1485435261453144 0.03881788832526585 0.07234555116195562
0 0.29199678218005515 0.165066892768724 0.03364216988189707 0.03572619810466945
0 0.3674760094791831 0.29591409332707586 0.0983386504240067 0.049123522393920496
0 0.6000581202851398 0.35428287669746283 0.02566471955389467 0.033216506502275325
0 0.567620766404523 0.4129653715181492 0.02922926393638015 0.053146410403640515
0 0.7447786222140463 0.35059215375276565 0.029942172812877175 0.033216506502275325
0 0.7137670860864236 0.33656740656291606 0.030655081689374412 0.03174021732439634
0 0.6488923783251895 0.34431792474678036 0.03635835270135082 0.0413360969806093
0 0.7818498837918944 0.34321070786337116 0.03707126157784785 0.04207424156954865
1 0.554431952189327 0.27751583944776004 0.007129088764970675 0.030263928146517464
1 0.5551448610658241 0.3088869844776866 0.005703271011976412 0.029525783557578046
1 0.9376204733065058 0.25943129701874346 0.007841997641467771 0.029525783557578008
1 0.9383333821830027 0.29190965893207926 0.007841997641467913 0.02804949437969917
1 0.9376204733065058 0.31885193642836923 0.007841997641467771 0.024358771435001855
1 0.6699231901818534 0.4757076615780026 0.025664719553894884 0.008857735067273467
1 0.6970137274887419 0.47533858928353273 0.022813084047906492 0.006643301300454867
1 0.5718982196635053 0.47496951698906315 0.022100175171409404 0.007381445889394627
1 0.5997016658468912 0.4757076615780026 0.027803446183385958 0.008857735067273467
1 0.2981412110886279 0.47275508322224474 0.02922926393638015 0.007381445889394485
1 0.3280833839015051 0.4731241555167145 0.026377628430391837 0.0051670121225761536
1 0.35802555671438235 0.4746004446945934 0.026377628430391837 0.0066433013004551355
1 0.3854725484595198 0.47349322781118425 0.027090537306888932 0.007381445889394485
1 0.4567634361092274 0.15719827145062948 0.007129088764970817 0.02878763896863859
1 0.4567634361092275 0.1911529225418442 0.005703271011976625 0.03026392814651743
1 0.45605052723273043 0.22067870609942222 0.008554906517964866 0.02878763896863859
1 0.1390172309169299 0.10663536710827706 0.028516355059883078 0.007381445889394489
1 0.16967231260630425 0.10774258399168626 0.022813084047906447 0.006643301300455064
0 0.15826577058235103 0.292278731226549 0.03279380831886554 0.03616908485803314
0 0.11370896580128372 0.3365674065629161 0.040635805960333365 0.047979398281064255
0 0.4537664998903893 0.8082417988952253 0.026377628430391837 0.03616908485803307
