0 0.16816327041579843 0.1778257418808677 0.033561247174278226 0.026841621415980052
0 0.41416007151236983 0.14326715430779344 0.02999090173020605 0.024828499809781537
0 0.5052038803362098 0.14695787725249068 0.02356427993087621 0.028183702486779028
0 0.3838121352377566 0.2013121606198503 0.03356124717427825 0.026841621415980014
0 0.4134460024235554 0.23654178872832404 0.02999090173020605 0.02751266195137955
0 0.33632654083159624 0.2375483495314233 0.03427531626309258 0.026841621415980156
0 0.3606048898512876 0.3637039701865295 0.03284717808546382 0.030867864628377005
1 0.33489840265396803 0.34927659867544025 0.012853243598659674 0.007381445889394485
1 0.38345510069334937 0.34860555814004074 0.009996967243402039 0.008723526960193552
1 0.13603016141914906 0.3506186797462392 0.039273799884793695 0.011407689101791548
1 0.26063521741726725 0.34927659867544025 0.03998786897360812 0.01006560803099255
1 0.07854759976958738 0.25734404532570865 0.011425105421030883 0.03690722944697253
1 0.07854759976958738 0.29592887611117985 0.011425105421030883 0.03623618891157307
1 0.13531609233033462 0.2019832011552498 0.03927379988479366 0.013420810707990007
1 0.18173058310327264 0.08320902638953812 0.012139174509845318 0.045630756407166045
1 0.18244465219208705 0.13521466788299943 0.012139174509845318 0.04495971587176659
1 0.22564583206536015 0.0399269118562703 0.04855669803938131 0.011407689101791517
1 0.4652160113626016 0.0392558713208708 0.047842628950566776 0.01006560803099252
1 0.4580753204744573 0.3502831594785394 0.0492707671281957 0.012078729637191046
1 0.5387651275104881 0.30498792333907315 0.010711036332216395 0.026170580880580552
0 0.30276529365731863 0.5656871713417793 0.028562763552577267 0.025499540345181017
0 0.28455653189255065 0.600916799450253 0.03070497081902051 0.026170580880580517
0 0.2484960429074219 0.6428568329127218 0.028562763552577267 0.02818370248677901
0 0.29848087912443083 0.7760583791895221 0.02999090173020605 0.026170580880581207
0 0.4834247731273693 0.7542495617890388 0.027134625374948405 0.02818370248677924
0 0.37702847889401914 0.7770649399926216 0.029990901730206035 0.025499540345181548
0 0.4737848404283749 0.8337678652338799 0.0278486944637627 0.023486418738982592
0 0.4180874515008492 0.6804351028950939 0.029276832641391692 0.02952578355757794
0 0.5430495420433745 0.713651609397369 0.03784566170716488 0.026170580880580444
0 0.24921011199623636 0.6784219812888955 0.027134625374948377 0.030867864628377078
1 0.12746133235337587 0.8867800675304403 0.039273799884793695 0.01409185124338947
1 0.2534945265291229 0.8867800675304405 0.038559730795979304 0.011407689101791619
0 0.35275012987432874 0.9002008782384304 0.03284717808546382 0.03288098623457586
1 0.32668660813260203 0.8877866283335396 0.010711036332216466 0.009394567495593264
1 0.3763144098052049 0.8871155877981401 0.011425105421030892 0.012078729637190975
1 0.43879545507646767 0.8874511080658399 0.032133108996649395 0.012749770172590474
1 0.5280540911782715 0.8270574598798848 0.007854759976958902 0.035565148376173424
1 0.5276970566338643 0.8515504394219667 0.007140690888144334 0.012078729637190833
1 0.3356124717427825 0.5814566239236675 0.014281381776288597 0.008723526960193552
1 0.3620330280289164 0.5817921441913673 0.03570345444072153 0.006710405353994986
1 0.45057759504190587 0.5817921441913672 0.03427531626309268 0.009394567495592981
1 0.47735518587244696 0.5817921441913673 0.0135673126874741 0.008052486424793982
1 0.2302872811426539 0.5817921441913672 0.027848694463762768 0.009394567495592981
1 0.8722353919868272 0.5499177187598909 0.007854759976958831 0.026170580880580517
1 0.8725924265312344 0.6186993736383397 0.0085688290657734 0.02549954034518109
1 0.8722353919868272 0.6871455082490888 0.009282898154587684 0.02952578355757808
1 0.8715213228980128 0.7545850820567387 0.009282898154587542 0.024828499809781447
0 0.6483747326435032 0.6056140831980497 0.025706487197319335 0.02751266195137961
0 0.7183535033473162 0.6052785629303499 0.027134625374948172 0.026841621415980014
0 0.7269223324130906 0.6351398667556276 0.02999090173020605 0.027512661951379514
