0 0.19071403158269248 0.6375227686703097 0.05008651334494953 0.07650273224043716
0 0.2510747015112214 0.610200364298725 0.05522359163673922 0.07285974499089279
0 0.29409773220496005 0.39890710382513644 0.048802243772002096 0.06921675774134775
0 0.24336908407353686 0.38888888888888884 0.04238089590726502 0.056466302367941826
0 0.24208481450058947 0.25136612021857924 0.04238089590726497 0.05828779599271408
0 0.4719690680581781 0.1393442622950819 0.05265505249084436 0.07468123861566474
0 0.4982965943036005 0.12568306010928962 0.05393932206379184 0.08743169398907105
0 0.619660068947132 0.11839708561020038 0.05265505249084434 0.0692167577413479
0 0.6350713038225009 0.07285974499089255 0.02183258274010611 0.021857923497267773
0 0.6170915298012374 0.022768670309653915 0.0552235916367392 0.04553734061930783
0 0.9188948794438815 0.05646630236794172 0.06036066992852894 0.07650273224043716
0 0.7840465742844023 0.3879781420765028 0.05522359163673926 0.07285974499089257
0 0.9745376072040731 0.2413479052823315 0.050924785591853663 0.07468123861566482
0 0.8257853354051937 0.9389799635701277 0.05907640035558164 0.07832422586520947
0 0.8322066832699306 0.7814207650273224 0.061644939501476446 0.08014571948998167
0 0.8431229746399838 0.7786885245901641 0.0577921307826341 0.07103825136612045
0 0.46747412455286247 0.6311475409836066 0.041096626334317626 0.0601092896174861
1 0.9259583620950927 0.8934426229508197 0.03082246975073815 0.020036429872495633
1 0.5875533296234464 0.6548269581056466 0.014126965302421723 0.03460837887067392
1 0.5875533296234464 0.744990892531876 0.014126965302421723 0.14571948998178513
1 0.5869111948369727 0.4489981785063752 0.015411234875369075 0.03460837887067392
1 0.5888375991963939 0.5145719489981785 0.016695504448316568 0.09289617486338805
1 0.5862690600504991 0.25136612021857924 0.016695504448316568 0.03642987249544628
1 0.5881954644099203 0.31602914389799636 0.01541123487536908 0.08561020036429866
1 0.22538931005227292 0.7404371584699453 0.008989887010631996 0.10382513661202182
0 0.679506439898232 0.0878883774453395 0.05273781324583297 0.07911392405063289
