0 0.16290866060371226 0.4708904109589041 0.06259544594625398 0.1061643835616438
0 0.5176161876324847 0.363013698630137 0.04975535447009932 0.10958904109589039
0 0.7162363526542519 0.3356164383561644 0.053767883056397646 0.1061643835616438
0 0.9321103905971025 0.7714041095890409 0.05697790592543626 0.1044520547945206
0 0.9124490005242407 0.8416095890410956 0.020865148648751376 0.029109589041095774
0 0.9301041263039527 0.9375000000000001 0.054570388773657295 0.11130136986301435
0 0.6323745052006167 0.7363013698630138 0.05778041164269594 0.14041095890410957
0 0.6155218851381639 0.9477739726027394 0.06580546881529256 0.1044520547945205
0 0.6596596995874456 0.9503424657534246 0.056175400208176594 0.09931506849315046
0 0.8687124389335886 0.8167808219178082 0.04895284875283963 0.12671232876712324
1 0.9630068607115995 0.39982876712328763 0.014445102910673881 0.0530821917808219
1 0.9634081135702292 0.5 0.008827562889856325 0.13698630136986303
1 0.1877863378387619 0.663527397260274 0.014445102910674024 0.18321917808219182
1 0.1877863378387619 0.7868150684931507 0.011235080041635329 0.04623287671232873
1 0.18818759069739172 0.22003424657534246 0.016852620062452993 0.0530821917808219
1 0.1877863378387619 0.3253424657534246 0.01765512577971265 0.15410958904109592
