1 0.14332416720607394 0.08914872179630134 0.022584414226411678 0.014615262861001135
1 0.3043105045122903 0.08711882417671785 0.020268064049343764 0.015427221908834533
1 0.051249247667626445 0.15532338419472314 0.011002663341072347 0.03329032096116926
1 0.05211787898402689 0.23124155516714567 0.011581750885339312 0.034102280009002645
1 0.053276054072560815 0.36156098234440576 0.013898101062407164 0.06901651906583865
0 0.13492739781420293 0.15775926133822332 0.03127072739041612 0.0381620752481696
1 0.32428902478950067 0.13299451037930474 0.006949050531203653 0.06658064192233852
1 0.32399948101736714 0.18780174610805897 0.00636996298693667 0.028418566674168845
1 0.054434229161094756 0.4882265938064156 0.009265400708271443 0.017051140004501236
1 0.054434229161094756 0.5353202185807525 0.009265400708271443 0.05927301049183789
0 0.09879812592738699 0.3266714239195712 0.02942922899964719 0.040281288363014804
0 0.14539440517682836 0.3271626591435104 0.028728533071084143 0.041263758810893274
0 0.3002482053892576 0.2790216071974683 0.03853827607096655 0.058948226872704554
0 0.2666148008182323 0.5310252770782804 0.042742451642344755 0.05207093373755569
0 0.14048953367688718 0.49172645916314406 0.03713688421384051 0.05403587463331256
0 0.14854753685536198 0.42000611646802016 0.030830620856773194 0.04028128836301484
0 0.49048714999411985 0.37628618153743093 0.032232012713899326 0.05305340418543416
0 0.7879325716691254 0.3674439475065252 0.03713688421384063 0.05698328597694775
0 0.7896843114905329 0.5138320442404083 0.037837580142403626 0.05894822687270462
1 0.05710671817788681 0.6782409283198207 0.016116006356949642 0.05600081552906943
1 0.12472387528421905 0.8231553193818862 0.019619485999764787 0.009824704478784127
1 0.16396284728374866 0.8231553193818862 0.046245931285159865 0.009824704478784127
1 0.3685660584241529 0.8968406029727669 0.023823661571142976 0.00785976358302733
1 0.47997671106567436 0.8934019564051924 0.04624593128515983 0.010807174926662525
1 0.5195660310294855 0.8909457802854965 0.020320181928327727 0.00982470447878427
1 0.6358815551709482 0.8948756620770101 0.023122965642579915 0.009824704478783843
1 0.6754708751347593 0.8919282507333748 0.04764732314228581 0.011789645374540924
1 0.7893339635262513 0.8943844268530708 0.021721573785453786 0.012772115822419465
1 0.8317260672043146 0.892419485957314 0.04904871499941208 0.010807174926662525
1 0.8770278645371886 0.8904545450615573 0.025925749356832027 0.010807174926662525
1 0.9250255356437559 0.6192927014471161 0.008408351142756487 0.026526702092717045
1 0.9250255356437559 0.6576090489143741 0.008408351142756487 0.028491642988473842
0 0.6247773302544982 0.7096799826519299 0.03433410049958838 0.05796575642482637
0 0.45766135129221575 0.712627393995565 0.0364361882852774 0.056000815529069464
0 0.35921357332911064 0.7180309814588963 0.0357354923567145 0.060913167768461424
0 0.305610334794039 0.7735405617640265 0.040640363856655634 0.06189563821633982
0 0.26109059275732 0.9145289935112493 0.04414384349947041 0.06184187675911848
1 0.3651694887218963 0.3065307797380638 0.04764732314228595 0.011789645374540924
1 0.4243782946854722 0.3089869558577598 0.04834801907084902 0.008842234030905657
1 0.45731100332793445 0.3473033033250178 0.010510438928445467 0.06582552000785338
1 0.5431462545769056 0.4008479427343912 0.04904871499941201 0.011789645374540924
1 0.5999026247905107 0.39986547228651276 0.04344314757090771 0.009824704478784056
1 0.640192640682885 0.39986547228651276 0.02032018192832787 0.007859763583027259
1 0.8286798454663397 0.39200570870348544 0.020320181928327657 0.009824704478784056
1 0.8570580305731422 0.3924969439274247 0.019619485999764947 0.008842234030905657
