1 0.10447215288465035 0.5115156933148547 0.038377525549463394 0.015130044897327508
1 0.15457614457422755 0.5120560520611878 0.04050961030221135 0.011887892419328736
0 0.30666485693691586 0.7752107615254198 0.043352389972541976 0.07781165947197011
0 0.3937249843407911 0.776291479018086 0.04832725439562054 0.07997309445730252
0 0.39621241655233036 0.6406614336884715 0.03908822046704607 0.07240807200863877
0 0.4193100013737667 0.4753116573105353 0.03411335604396747 0.07240807200863877
0 0.5866786544644821 0.6357982049714734 0.04050961030221146 0.06484304955997501
0 0.6389147309068072 0.6347174874788073 0.035534745879132856 0.06700448454530751
1 0.4743888574864225 0.8719349771190492 0.013503203434070486 0.018372197375326207
1 0.5198733322117124 0.8735560533580486 0.06751601717035222 0.01945291486799249
1 0.6414021631183465 0.8719349771190494 0.0120818135989051 0.01621076238999379
1 0.677647603915062 0.8719349771190491 0.051880728983533825 0.014049327404661511
1 0.7572454346843195 0.8735560533580485 0.010660423763739857 0.015130044897327508
1 0.7821197567997124 0.8735560533580485 0.024874322115392998 0.01296860991199523
1 0.846792994299734 0.8730156946117154 0.009239033928574543 0.01621076238999393
1 0.8759314859206228 0.8735560533580485 0.037666830631880685 0.01296860991199523
0 0.7231320786403518 0.8006076226030768 0.039088220467046 0.0464708521846488
0 0.8080601212914792 0.7476524654624305 0.04122030521979397 0.04430941719931624
0 0.8499911214288559 0.6379596399568059 0.0397989153846288 0.06700448454530765
0 0.8674031469096309 0.5207017920025179 0.03624544079671537 0.046470852184648734
0 0.8489250790524818 0.4120896839895596 0.039088220467046 0.07565022448663754
0 0.2917402636676801 0.3926367691215671 0.0319812712912195 0.0605201795893101
0 0.3390014756869266 0.40722645527256157 0.04264169505495925 0.05511659212597877
0 0.05685559340661243 0.39641928034589896 0.04406308489012464 0.05727802711131126
1 0.2274223736264497 0.40452466154089595 0.00852833901099185 0.0605201795893101
1 0.22848841600282369 0.452616589964544 0.006396254258243914 0.022695067345991263
1 0.904219204655674 0.8726265822784811 0.01456739800365881 0.014240506329114026
1 0.2243734104018383 0.2927761934677661 0.008399121753249545 0.04322869970665007
1 0.22469645354619405 0.32961883526320646 0.009045208041961033 0.018666938509689784
1 0.48151575330901736 0.2215470859965814 0.05362516196305492 0.012772115822419322
1 0.5186657149099289 0.22105585077264217 0.010337380619384006 0.009824704478784092
1 0.5328796132615821 0.17487973972235693 0.007753035464538058 0.06287810866421818
1 0.5613074099648881 0.12870362867207166 0.03747300474526739 0.013754586270297721
1 0.6055643207416262 0.1316510400157069 0.03941126361140178 0.00982470447878411
1 0.6543438355393449 0.1301773343438893 0.03876517732269029 0.008842234030905676
1 0.7021542209039963 0.13115980479176767 0.03747300474526725 0.008842234030905694
1 0.8420319024100371 0.12968609911995008 0.007106949175826429 0.011789645374540907
1 0.8853196837537081 0.1311598047917677 0.06654688773728523 0.01080717492666249
0 0.4256292893354721 0.1930554430081075 0.04005734990011327 0.0717203426951239
1 0.9731874190184726 0.489270283043448 0.010983466908095351 0.03929881791513644
1 0.9735104621628284 0.5261129248388885 0.009045208041960962 0.020631879405446654
1 0.3577805377264332 0.4838372214666805 0.007035879684068292 0.054684305128912314
