0 0.23821186882082201 0.23043397777511795 0.04498027580817063 0.055375607062237577
0 0.5627124300083388 0.2322202876803514 0.049570099870229 0.053589297157004126
1 0.17165941992097772 0.5274079995201828 0.0862886923666947 0.015183634194484626
1 0.2698816548490238 0.5274079995201828 0.08812462199151795 0.013397324289251103
1 0.36718592496465824 0.5269614220438744 0.08445276274187137 0.012504169336634306
0 0.6122825298785676 0.40638550344061497 0.03488266287164251 0.041085127820369965
0 0.5562866763214572 0.4519364060240686 0.05507788874469874 0.0571619169674711
0 0.6921454685583808 0.3795908548621129 0.05324195911987559 0.05001667734653715
0 0.8165297006401587 0.4005799962486063 0.048652135057817104 0.049123522393920496
0 0.6838837852466759 0.44791720873729335 0.040390451746112464 0.04555090258345352
0 0.6834248028404701 0.5041859707521477 0.041308416558524075 0.04555090258345352
0 0.48101356170370224 0.23177371020404305 0.09179648124116448 0.0526961422043874
1 0.052323994307463796 0.17729125809442217 0.012851507373763029 0.0794907907828895
1 0.42731262017762106 0.04465774763083681 0.08720665717910628 0.014290479241867788
1 0.5985130576923929 0.04465774763083681 0.08812462199151795 0.014290479241867788
1 0.763746723926489 0.04510432510714518 0.08445276274187151 0.015183634194484524
1 0.9101621115061466 0.3483304315205272 0.011933542561351516 0.050016677346537225
1 0.908785164287529 0.46042137807392747 0.012851507373763126 0.04912352239392043
0 0.7412565860224037 0.28491642988473886 0.05232399430746384 0.04465774763083683
0 0.9354061438474668 0.5872493813455041 0.060585677619168624 0.047337212488687046
0 0.541140256916665 0.5537560706223765 0.057831783181933646 0.0625208466831716
0 0.696735292620439 0.5604547327670021 0.042226381370935685 0.03661935305728612
1 0.5856615503186299 0.6310139740237242 0.014687436998586278 0.05090983229915416
1 0.5865795151310415 0.6948745531358207 0.011015577748939763 0.05001667734653708
1 0.5838256206938066 0.7560556673900674 0.012851507373762984 0.05090983229915395
0 0.6875556444963226 0.8132175843575383 0.04957009987022886 0.05090983229915395
0 0.6797529435908235 0.9441778154614542 0.04681620543299402 0.05805507192008761
0 0.7669596007699298 0.9468572803193044 0.05415992393228706 0.06162769173055466
