0 0.25117878458324827 0.6138924564006669 0.055015425492686766 0.06811846326117878
0 0.19047945395905358 0.6380240439648017 0.051005535032567675 0.07319910414772991
0 0.2940977322049601 0.3989071038251366 0.05393932206379184 0.0728597449908925
0 0.7859729786438234 0.3861566484517303 0.05137078291789706 0.06921675774134803
0 0.9150420707250396 0.05646630236794171 0.055223591636739115 0.08014571948998178
0 0.8302802789105093 0.7814207650273217 0.052655052490844054 0.07285974499089241
0 0.24336908407353675 0.2531876138433515 0.039812356761370106 0.051001821493624776
0 0.46747412455286236 0.13752276867030966 0.05650786120968668 0.07103825136612021
0 0.5008651334494953 0.12659380692167577 0.05393932206379184 0.08925318761384338
0 0.6806628736621348 0.09016393442622951 0.05393932206379176 0.07103825136612023
0 0.9754027406535686 0.24043715846994537 0.04751797419905472 0.08014571948998181
0 0.6164493950147636 0.0273224043715847 0.048802243772002 0.051001821493624776
0 0.6170915298012374 0.11839708561020036 0.05008651334494949 0.07285974499089252
1 0.22819665965594724 0.7370952445468094 0.008491038498825957 0.09935419771485328
1 0.5874737261375199 0.6558054464164748 0.013797937560592145 0.033118065904951095
1 0.5874737261375199 0.7453747610230471 0.011675177935885728 0.13999909678002084
1 0.5869430362313434 0.4488175345105301 0.014859317372945356 0.034623432536994445
1 0.5880044160436966 0.5127956163723675 0.012736557748238937 0.09032199792259404
1 0.5869430362313434 0.2516145057128664 0.014859317372945356 0.03161269927290789
1 0.5880044160436967 0.31634527089072556 0.01485931737294535 0.09483809781872375
1 0.9260538862782045 0.8981694741754355 0.030780014558244206 0.018064399584518755
0 0.8277117397646149 0.9353369763205829 0.05522359163673926 0.08196721311475415
0 0.4655477201934412 0.6366120218579236 0.044949435053159875 0.056466302367941805
0 0.2420848145005894 0.38706739526411654 0.04238089590726496 0.06375227686703092
