1 0.6715975717438871 0.15281410189350353 0.0759953625831529 0.019615022491892446
1 0.7283651919867242 0.15150643372737738 0.017396528784095297 0.016999686159640107
0 0.34152132823513276 0.1299299089862957 0.04761155246173403 0.03661470865153258
0 0.34152132823513276 0.4509624437702688 0.05859883379905767 0.05099905847892039
0 0.6706819649657768 0.4993461659169369 0.08515143036425578 0.040537713149910955
0 0.2412623860320576 0.44507793702270115 0.05768322702094736 0.05230672664504652
0 0.342436935013243 0.8288785437807301 0.07324854224882202 0.04838372214666805
1 0.455056568720807 0.1501987655612512 0.16114679294740852 0.014384349827387783
1 0.8180946562415312 0.6926979809603516 0.008240461002992418 0.17261219792865368
1 0.8158056392962556 0.8143111204100848 0.007324854224882244 0.05230672664504652
1 0.8171790494634209 0.9385395961920705 0.011902888115433542 0.023538026990270994
1 0.817636852852476 0.9803849775081076 0.010987281337323225 0.03399937231928021
0 0.3442681485694636 0.9150015692017994 0.06592368802393989 0.057537399309551346
0 0.3685317281893859 0.9764619730097291 0.03021502367763908 0.04707605398054184
0 0.012818494893543857 0.9418087666073858 0.025636989787087713 0.07976775813369585
1 0.02714316293707912 0.2666139240506329 0.012186726216647771 0.030063291139240497
1 0.02880498923934927 0.34256329113924056 0.011078842015134333 0.10284810126582279
1 0.02825104713859256 0.49525316455696206 0.0099709578136209 0.02848101265822791
1 0.026589220836322404 0.5680379746835443 0.008863073612107466 0.10443037974683542
1 0.02714316293707912 0.7167721518987341 0.012186726216647771 0.025316455696202667
1 0.02880498923934927 0.7705696202531647 0.00886307361210747 0.06329113924050617
0 0.3178139229804261 0.7538911528064586 0.02338890342280191 0.06386057911209647
0 0.5616972901673108 0.9762658227848101 0.022157684030268784 0.047468354430379806
